1000 10 0
1000 10 1
1000 10 2
1000 10 3
1000 10 4
1000 10 5
1000 10 6
1000 10 7
1000 10 8
1000 10 9
1000 10 10
1000 10 11
1000 10 12
1000 10 13
1000 10 14
1000 10 15
1000 10 16
1000 10 17
1000 10 18
1000 10 19
1000 10 20
1000 10 21
1000 10 22
1000 10 23
1000 10 24
1000 10 25
1000 10 26
1000 10 27
1000 10 28
1000 10 29
1000 10 30
1000 10 31
1000 10 32
1000 10 33
1000 10 34
1000 10 35
1000 10 36
1000 10 37
1000 10 38
1000 10 39
1000 10 40
1000 10 41
1000 10 42
1000 10 43
1000 10 44
1000 10 45
1000 10 46
1000 10 47
1000 10 48
1000 10 49
1000 10 50
1000 10 51
1000 10 52
1000 10 53
1000 10 54
1000 10 55
1000 10 56
1000 10 57
1000 10 58
1000 10 59
1000 10 60
1000 10 61
1000 10 62
1000 10 63
1000 10 64
1000 10 65
1000 10 66
1000 10 67
1000 10 68
1000 10 69
1000 10 70
1000 10 71
1000 10 72
1000 10 73
1000 10 74
1000 10 75
1000 10 76
1000 10 77
1000 10 78
1000 10 79
1000 10 80
1000 10 81
1000 10 82
1000 10 83
1000 10 84
1000 10 85
1000 10 86
1000 10 87
1000 10 88
1000 10 89
1000 10 90
1000 10 91
1000 10 92
1000 10 93
1000 10 94
1000 10 95
1000 10 96
1000 10 97
1000 10 98
1000 10 99
1000 100 100
1000 100 101
1000 100 102
1000 100 103
1000 100 104
1000 100 105
1000 100 106
1000 100 107
1000 100 108
1000 100 109
1000 100 110
1000 100 111
1000 100 112
1000 100 113
1000 100 114
1000 100 115
1000 100 116
1000 100 117
1000 100 118
1000 100 119
1000 100 120
1000 100 121
1000 100 122
1000 100 123
1000 100 124
1000 100 125
1000 100 126
1000 100 127
1000 100 128
1000 100 129
1000 100 130
1000 100 131
1000 100 132
1000 100 133
1000 100 134
1000 100 135
1000 100 136
1000 100 137
1000 100 138
1000 100 139
1000 100 140
1000 100 141
1000 100 142
1000 100 143
1000 100 144
1000 100 145
1000 100 146
1000 100 147
1000 100 148
1000 100 149
1000 100 150
1000 100 151
1000 100 152
1000 100 153
1000 100 154
1000 100 155
1000 100 156
1000 100 157
1000 100 158
1000 100 159
1000 100 160
1000 100 161
1000 100 162
1000 100 163
1000 100 164
1000 100 165
1000 100 166
1000 100 167
1000 100 168
1000 100 169
1000 100 170
1000 100 171
1000 100 172
1000 100 173
1000 100 174
1000 100 175
1000 100 176
1000 100 177
1000 100 178
1000 100 179
1000 100 180
1000 100 181
1000 100 182
1000 100 183
1000 100 184
1000 100 185
1000 100 186
1000 100 187
1000 100 188
1000 100 189
1000 100 190
1000 100 191
1000 100 192
1000 100 193
1000 100 194
1000 100 195
1000 100 196
1000 100 197
1000 100 198
1000 100 199
